   242   171    49     0
   157   114   306     0
   110    21   182     0
    90    40    10     0
   274   301   293   320
   201   149   266     0
    12    68   318   277
    83    18   120     0
   215   236   258     0
     6   166     0     0
    25   170     0     0
   204   187   227     0
   246   271   122     0
   172    87   100     0
   160    50   196   287
    44    13   329     0
   243   139     0     0
   249   337   309   194
   126     4   136     0
    92    88     0     0
   218   207   262     0
   330   192   180     0
   327    41   217   338
   257   328    53     0
   331   216   255     0
   321    80    58     0
   289   336     0     0
   221   325   264     0
   118     2     0     0
    56   252   231     0
    23    77   164     0
    57   312   268     0
    24   113     0     0
    71   259    32     0
   241   143   195     0
   225    72   308     0
   315   211     0     0
   304    51   212     0
   234   205     0     0
   177   251   305    95
   152   326     0     0
   339   254     0     0
   203   235     0     0
   210   324    52     0
    16   103   163     0
     1    65   129     0
   317   295   250     0
    55   276   208   269
    31    45     5     0
    47   137     0     0
   111    39     0     0
   288   184   148     0
   226   185     0     0
   181   198     0     0
   145   213   124     0
    36   176   267     0
   228   193   131     7
   294   278   247     0
    63   283     0     0
   244   206     0     0
   229     0     0     0
   179   316   282     0
    48   165    34     0
    99   159    46    20
    96   161    89     0
   123   291   190     0
   109   169     0     0
   147   256   303     0
   279   175     0     0
   230    74   142     0
    30     0     0     0
   105    79   155     0
    26    82   280     0
   154   307     0     0
   151   300   188     0
    59   314   156     0
   313   319    81     0
   334   162   117     0
    66   220     0     0
    42    76     0     0
     3   119    84     0
   199    78   116     0
   133    60     0     0
    28    98     0     0
   214     0     0     0
    91    86    29     0
   138    61   130     0
   219   245     0     0
   178   296   333     0
     9   132     0     0
   146   286     0     0
   224   144     0     0
    43   340     0     0
   253   311   223     0
    22     0     0     0
    67   270     0     0
   323   302     0     0
   202   167   140     0
   273   298   239     0
   108   183     0     0
   261   150     0     0
   341     0     0     0
   127     8   233     0
   232   121   174     0
    64   112     0     0
    75    27     0     0
    70   200   102     0
   115   281     0     0
    38     0     0     0
   285    94    54     0
    11   260   125     0
   186   284     0     0
    93    33     0     0
   237   292     0     0
   104    69    17     0
   222   197     0     0
   248   107     0     0
   332    19   153     0
   209   310     0     0
   290   189     0     0
   173   297     0     0
   265     0     0     0
   335   238     0     0
    14    85   168     0
   135    35     0     0
   240   141     0     0
   191   272     0     0
   106    62     0     0
   101    73   322     0
    15   128     0     0
   158    37     0     0
   134     0     0     0
    97   275     0     0
   263   299     0     0