    0.2500
    5.8210
   13.1419
    6.1494
   11.1395
    5.0167
    0.7500
   12.5833
   20.6667
    0.9833
    3.3333
    8.0884
   22.5833
   25.7275
   17.5661
   29.4167
    0.5833
    1.0000
    0.5833
   24.8333
   10.9167
   26.6665
    1.5833
   15.4050
    1.5667
    6.1820
    1.6667
   24.2500
    8.3653
    0.7500
    2.1667
   34.8167
   16.8333
   26.7837
    6.0153
   20.2744
   25.0176
    4.4486
    0.2500
    1.1667
    1.5000
    8.6263
   24.9271
   27.5079
   26.2153
   22.9256
    9.3333
    2.7500
   25.4327
   17.0833
   15.2180
    1.4167
   20.2849
    0.8333
    0.2500
    1.1667
   25.4790
    0.3667
    2.1667
   13.1353
   28.1611
   23.5833
   25.6500
   13.9256
    1.0833
    1.0833
   12.5000
   13.7334
   21.0110
   15.9324
   19.3333
   12.6596
   27.6928
    7.6667
   28.9000
   14.4686
   17.4004
   22.1167
   15.3030
   23.0000
   10.4167
   12.6843
   15.3313
   14.6163
   14.3663
    0.9167
   25.9420
   27.4569
   31.6667
   12.4394
    2.0167
    9.9333
    8.1664
    0.9167
    1.0000
    5.3333
    0.6667
   10.4667
    1.7500
    1.0000
   11.9420
    6.1730
    4.9050
   23.6606
    1.1667
   37.8749
    9.0595
   15.3001
   21.6363
   15.6308
   12.3167
    0.6667
   12.6330
   21.8333
    5.3940
   34.2773
    1.1500
    4.5833
   27.2834
   15.1611
   21.8896
    7.0106
   11.0504
   21.3594
   16.0164
    1.1833
   29.4652
   29.0079
    3.4167
   12.9031
   19.1744
    6.8108
   14.7579
   26.0667
    0.6667
   25.5884
   18.1718
   10.7017
   18.4588
   26.6095
   25.3928
   25.7153
   25.4284
   20.9114
   26.8333
    0.1667
   24.1138
    9.5095
   25.4695
    2.0833
   20.0500
    0.2500
   13.2319
   18.4108
   19.2500
    0.1667
    1.0000
    0.3333
    9.4167
    4.2848
    0.1667
   15.0500
   23.3333
    0.3333
   13.2832
   24.8443
    0.8333
    0.9167
   17.7594
    0.9167
   16.8500
    2.6718
    1.0000
    1.0167
    1.3333
   12.8167
   14.5692
    0.5833
    1.1667
   13.9761
   20.2000
   19.0396
    0.8333
   27.2564
    1.0833
   27.2820
    4.6730
    0.2000
    0.3333
    0.1667
    0.3333