    35     0     0     0
   168    34     0     0
   195   145     0     0
   290   295     0     0
    52   320     0     0
    93    61     0     0
   184     0     0     0
    17   130     0     0
   233   102     0     0
   308     0     0     0
    63   159     0     0
   334   255     0     0
   316   283     0     0
    39   282     0     0
   107   296     0     0
   194   237   276     0
    38     0     0     0
    92     0     0     0
   341     0     0     0
   229   258     0     0
    82   317     0     0
   210   186     0     0
   191     0     0     0
    25   267     0     0
   292     0     0     0
    83   152     0     0
   272     0     0     0
   244   190   148     0
   163   153     0     0
   182     0     0     0
   256     0     0     0
   101    87   113     0
    28    96     0     0
    50   327     0     0
    51   252     0     0
   146   162     0     0
   269   299     0     0
   169    99     0     0
   135     0     0     0
   254     0     0     0
    36     0     0     0
   141   216     0     0
   314     5     0     0
   293   200     0     0
    41   279     0     0
    97    24     0     0
   301   280     0     0
   245   218     0     0
    42   306     0     0
   321    45     6     0
   109   288     0     0
   249     0     0     0
   178    75     0     0
    68     0     0     0
    89     0     0     0
   265     0     0     0
   274   323     0     0
   235     0     0     0
   251     0     0     0
   117    47     0     0
   313   151     0     0
    46     1     0     0
   337   305    98     0
   100    33     0     0
   257     0     0     0
   333     0     0     0
   188    58     0     0
    90    29     0     0
   281   131     0     0
   263   150     0     0
   183    66   204     0
   114   221     0     0
   198   142     0     0
    86   160     0     0
    62   129    12     0
   338    80     0     0
    13   332     0     0
    88   133     0     0
   108   302     0     0
   165    73     0     0
   116   310     0     0
   240   298     0     0
   106   285     0     0
   230   173     0     0
    15   155     0     0
   110     0     0     0
   246   174     0     0
   201   312     0     0
    18   105    85     0
   103   166     0     0
    57     0     0     0
   126    10     0     0
   330   253     0     0
   127     0     0     0
   120     0     0     0
   121   171     0     0
   180     0     0     0
   273   304     0     0
   315     0     0     0
   209     0     0     0
   226   239     0     0
    49   224     0     0
   270   325     0     0
   139   207     0     0
   185     0     0     0
    54   287    14     0
   231   122     0     0
   236   143     0     0
   223   309     0     0
   291    67     0     0
   189    59     0     0
    48     0     0     0
   324   179     0     0
   262   311   225     0
   278   199     0     0
    44     8   212     0
    84     0     0     0
   176   289     0     0
    56   132     0     0
    60   112     0     0
    43   167     0     0
    55   213     0     0
    70   328     0     0
   124   232     0     0
   140   260     0     0
    77     0     0     0
   147   241     0     0
   266   192     0     0
   125     3     0     0
   136    64     0     0
   144   164     0     0
    20   277     0     0
   264   208     0     0
   286   158   154     0
   172     0     0     0
   268    72     0     0
   170    79     0     0
    76    95     0     0
   322     7     0     0
   284   149     0     0
   156    94     0     0
   307   138     0     0
    40   202     0     0
    53   211     0     0
    74   115   275     0
   187     0     0     0
   123   193     0     0
    81   340     0     0
   177   329     0     0
   294     0     0     0
   297   331     0     0
   215     0     0     0
    71   248     0     0
   261   336     0     0
   161   134     0     0
    31     0     0     0
   137     0     0     0
    32     0     0     0
   318   271     0     0
   227   234     0     0
   228     0     0     0
   196   250     0     0
   219   205     0     0
   206     0     0     0
   303    11     0     0
   157    37     0     0
    78     0     0     0
    16     0     0     0
   259   220     0     0
   128     0     0     0
   326     9     0     0
    26    30     0     0
    91     0     0     0
   300     0     0     0
    19     0     0     0
     2   111     0     0
   181   238     0     0
   339     0     0     0
    21     0     0     0
     4   104   118     0
   214   197   222     0
   217   175     0     0
    65     0     0     0
   335   242     0     0
   319     0     0     0
    69   119     0     0
   203   247     0     0
   243     0     0     0
    23     0     0     0
    22     0     0     0
    27     0     0     0
