24.3333333333333
22.8994333333333
12.6658666666667
35.6388333333333
21.5000000000000
37.5833333333333
37.0166666666667
22.7500000000000
24.6666666666667
20.1666666666667
22.0666666666667
6.66666666666667
18.8333333333333
27.8333333333333
40.7500000000000
25.6670333333333
7.83285000000000
37.7333333333333
24.0166666666667
24.6833333333333
34.1666666666667
25.5163000000000
31
22.5000000000000
30.8333333333333
13.6307500000000
6.71198333333333
35.0833333333333
10.5000000000000
14.7017000000000
40.2589500000000
41.0833333333333
13.4666666666667
23.8384333333333
38.7333333333333
17.1500000000000
23.4451000000000
33.7666666666667
13.8333333333333
27.9833333333333
19.8333333333333
18.5000000000000
15.9563666666667
27.6666666666667
30.0227333333333
21.3166666666667
27.0500000000000
36.1666666666667
12.1833333333333
22.9943166666667
9.14548333333334
25.2500000000000
23.0310833333333
26.2011500000000
18.9666666666667
36.6500000000000
23
20.7563666666667
21.6716833333333
23.3333333333333
1.41666666666667
23.2500000000000
26.7151500000000
39.4333333333333
22.5666666666667
20.6666666666667
14.1691833333333
25.7666666666667
26.5089500000000
17.1333333333333
0.333333333333333
14
13.8846500000000
27.2403166666667
37.5166666666667
28.6227333333333
19.6666666666667
40.9653166666667
16.2095833333333
17.8519166666667
20.4833333333333
40.3333333333333
2.88843333333333
18.9833333333333
0.250000000000000
35.4256333333333
23.8333333333333
24.3848166666667
24.5666666666667
16.5261333333333
26.3152833333333
23.4944000000000
26.1666666666667
24.9166666666667
0.166666666666667
4.10000000000000
14.2196333333333
26.9319833333333
27.2318833333333
19.6589333333333
16.0995166666667
0.583333333333333
13.2985500000000
14.4166666666667
4.98333333333333
18.9256333333333
15.3333333333333
11.8333333333333
0.583333333333333
25.1500000000000
16
25.7376500000000
13.3551000000000
15.5666666666667
25.1666666666667
16.8333333333333
14.3444000000000
25.7928000000000
24.5833333333333
15.2666666666667
9.39943333333333
1.16666666666667
14.2563666666667
14.8000000000000
4.01666666666667
26.2094666666667
4.08333333333333
18
33.0166666666667
12.3928000000000
25.0109833333333
0.250000000000000
16.7550166666667
25.1666666666667